000000000000000000000000000000
000000000000000000000000000000
000000000000000000000000000000
000099999999999999900000000000
000095552255255555999000000000
000095222555555225559900000000
000092222222222522225599000000
000092555555552555522559900000
000092552522225552255555900000
000095525525525555525555900000
000095225599999555555555900000
000095255590000995225525900000
000095552590000095555525900000
000095522590000099522222900000
000095222590000009552552900000
000095252590000009952555900000
000095252590000000952555900000
000095252590000000952525900000
000095252590000000952525900000
000095252590000000955525900000
000092552590000000955525900000
000092552590000009555555900000
000092555599999999552559000000
000095252555525555552559000000
000095255225555522252599000000
000095522222225555555590000000
000095522222255525555990000000
000095555555255225999900000000
000099999999999999900000000000
000000000000000000000000000000
