000000000000000000000000000000
000000000000000000000000000000
000000000000000000000000000000
000099999999999999999999000000
000095555555522225522559000000
000095522255555555552559000000
000095255222222255225559000000
000095255555555522555599000000
000095599999999999999990000000
000095590000000000000000000000
000995590000000000000000000000
000955599999999990000000000000
000952555522222599000000000000
000952222255552229000000000000
000992525222555529000000000000
000092255552255229000000000000
000095252225255559000000000000
000095255522222299000000000000
000092229999999990000000000000
000095529000000000000000000000
000095529000000000000000000000
000095529999999999900000000000
000095225552255555999990000000
000092222225555222555599000000
000099555552222552555559000000
000009522522552255522559000000
000099555555555222222599000000
000092222225252225555599000000
000099999999999999999990000000
000000000000000000000000000000
