000000000000000000000000000000
000000000000000000000000000000
000000000009999000000000000000
000099999999959999999990000000
000092225252222222222290000000
000095555555552255555590000000
000092222222222255222290000000
000092999999999999999990000000
000092929000000000000000000000
000092929000000000000000000000
000092999000000000000000000000
000092990000000000000000000000
000992999999999999999900000000
000952929222225522222900000000
000952999999922552222900000000
000992922255255255559900000000
000092999999999999999900000000
000095929222299999999000000000
000095929229990000000000000000
000092929999000000000000000000
000092925900000000000000000000
000092925900000000000000000000
000092959000000000000000000000
000092959000000000000000000000
000092929000000000000000000000
000092929000000000000000000000
000092929000000000000000000000
000092929000000000000000000000
000099999000000000000000000000
000000000000000000000000000000
