000000000000000000000000000000
000000000000000000000000000000
000000099999999999999999990000
000099992252222222225552299000
000092522552555222552222229900
000099255222222552255255229900
000009552225555225225522229000
000009529999999999999999990000
000092299000000000000000000000
000092290000000000000000000000
000092290000000000000000000000
000092529000000000000000000000
000095529000000000999999900000
000095229000099999922222990000
000095229000092222222552290000
000095229000095225552252290000
000092290000095225222552990000
000095590000095555555252900000
000095290000092222222222900000
000092229000099999999999900000
000092529000000000095552900000
000092529000000000092222900000
000095529000000000092525900000
000955229999990000092555900000
000955522255229999922252900000
000952522225222222222252900000
000952555222555555525522900000
000995525555522222255222900000
000099999999999999999999000000
000000000000000000000000000000
