000000000000000000000000000000
000000000000000000000000000000
000000000000000000000000000000
000000000999999999000000000000
000000000922922229000000000000
000000000952925529000000000000
000000000952925559000000000000
000000000952925529000000000000
000000000952922529000000000000
000000000925922529000000000000
000000000925922559000000000000
000000000925955559000000000000
000000000955955529000000000000
000000000925922529000000000000
000000000925925529000000000000
000000000925955559000000000000
000000000955952259000000000000
000000000925955259000000000000
000000000925955259000000000000
000000000925925259000000000000
000000000955922229000000000000
000000000922952229000000000000
000000000952955559000000000000
000000000952955259000000000000
000000000952952559000000000000
000000000955952559000000000000
000000000952952559000000000000
000000000992955229000000000000
000000000999999990000000000000
000000000000000000000000000000
