000000000000000000000000000000
000000000000000000000000000000
000000000000000000000000000000
000099999999999999990000000000
000092555555555552599000000000
000092259999999922529900000000
000095229000000992552900000000
000095229900000092252990000000
000095252990000992222290000000
000095225229999922522900000000
000095522222522255559900000000
000095525552555559999000000000
000092529999999999000000000000
000092529000000000000000000000
000092529000000000000000000000
000095229990000000000000000000
000095222299900000000000000000
000995255552990000000000000000
000922252255299000000000000000
000992522225529900000000000000
000095559922552290000000000000
000092259992255229000000000000
000095259099222222900000000000
000095229009925522900000000000
000092229000992222290000000000
000092259000099555259000000000
000092559000009552559000000000
000092529000000952222900000000
000099999000000999999900000000
000000000000000000000000000000
