000000000000000000000000000000
000000000000000000000000000000
000099999999999999999990000000
000092255552555522225290000000
000099999999999999999990000000
000095552222255555555590000000
000095222525522222222290000000
000099999999999999999990000000
000000000095555900000000000000
000000000099252900000000000000
000000000009252900000000000000
000000000092252900000000000000
000000000092552990000000000000
000000000092552090000000000000
000000000092522990000000000000
000000000095525990000000000000
000000000095225900000000000000
000000000095255900000000000000
000000000095255900000000000000
000000000095225900000000000000
000000000095525900000000000000
000000000092525900000000000000
000000000099529900000000000000
000000000009529000000000000000
000000000099522990000000000000
000000000092555090000000000000
000000000092555990000000000000
000000000092252900000000000000
000000000099999900000000000000
000000000000000000000000000000
