000000000000000000000000000000
000000000000000000000000000000
000000000000000000000000000000
000099999000000000099999000000
000092929000000000092529000000
000092929000000000092529000000
000092929000000000092529000000
000095929000000000092529000000
000095929000000000092529000000
000095929000000000092529000000
000995929000000000092529000000
000952929000000000095229000000
000992929000000000095229000000
000095929000000000095259000000
000095929000000000095259000000
000095929000000000095259000000
000092929000000000092229000000
000092929000000000092229000000
000092929000000000092599000000
000092959000000000095590000000
000092959000000000095299000000
000092929900000000092229000000
000092922900000000092229000000
000092929900000000092559000000
000092929000000000092259000000
000099999999999999992559000000
000095222255255522222529000000
000095225525222522222229000000
000099999999999999999999000000
000000000000000000000000000000
