777777777777777777777777777777
777777777777444447744444444447
744444444477444447744444444447
744444444477444447744444444447
744444444477777777777777777777
777777777777777777777777444477
444444444447744444444477444477
444444444447744444444477444477
444444444447744444444477777777
777777777777777777777777777777
744444444477444444774444444477
744444444477444444774444444477
744444444477444444774444444477
777777777777777777777777777777
774447744444444774444444444444
774447744444444774444444444444
774447744444444774444444444444
777777777777777777777777777777
477777777777444444774444444444
477444444477444444774444444444
477444444477444444774444444444
777777777777777777777777777777
744444444447744447744444444447
744444444447744447744444444447
744444444447744447744444444447
777777777777777777777777777777
444447744444477744447744444444
444447744444477744447744444444
444447744444477744447744444444
444447777777777777777777777777