000000000000000000000000000000
000000000000000000000000000000
000000000099999999990000000000
000000099955555555559990000000
000000955500000000005559000000
000009500000000000000005900000
999999500009999999000005999999
555555000990555550990000555555
000000009000000000009000000000
999999999000000000009999999999
000000000900000000090000000000
000000000900000000090000000000
990009900900000000090099000999
009090099955555555599900909000
000900090999999999990900090000
009090099955555555599900909000
990009900900000000090099000999
000000000900000000090000000000
000000000900000000090000000000
999999999000000000009999999999
000000009000000000009000000000
555555000990555550990000555555
999999500009999999000005999999
000009500000000000000005900000
000000955500000000005559000000
000000099955555555559990000000
000000000099999999990000000000
000000000000000000000000000000
000000000000000000000000000000
000000000000000000000000000000