000000000002222222200000000000
000000000022222222222000000000
000000000222222222222200000000
002222222222222222222200000000
000000000119191919191220000000
000000000191001110011100000000
000000000119101111011100000000
000000000111111311111100000000
000000000111111311111100000000
000000000111911111911100000000
000000000011199999111000000000
000000000001111111110000000000
000000000000011110000000000000
000000000000011110000000000000
000000022222555552222220000000
000000255555555555555552000000
000000255555555555555552000000
000000222022255255220222000000
000000255022272272220552000000
000000255022288882220552000000
000000255022272272220552000000
000000255088822228880552000000
000000255022222222220552000000
000000111011111111110111000000
000000000011110011110000000000
000000000011110001111000000000
000000000011110000111100000000
000000000066670000076660000000
000000006666660000006666660000
000000006666666000066666660000