000000000000011110000000000000
000000000000111111000000000000
000000000001116611100000000000
000000000011161161110000000000
000000000111611116111000000000
000000001116111111611100000000
000000011161116611161110000000
000000111611166661116111000000
000001116111661166111611100000
000011161116611116611161110000
000111611166111111661116111000
001116111661111111166111611100
011161116611111111116611161110
111611166111111111111661116111
116111661111116611111166111611
161116611111166661111116611161
116111661111116611111166111611
111611166111111111111661116111
011161116611111111116611161110
001116111661111111166111611100
000111611166111111661116111000
000011161116611116611161110000
000001116111661166111611100000
000000111611166661116111000000
000000011161116611161110000000
000000001116111111611100000000
000000000111611116111000000000
000000000011161161110000000000
000000000001116611100000000000
000000000000111111000000000000