000000000002222222200000000000
000000000022222222222000000000
000000000222222222222200000000
000000002222222222222222222200
000000002219191919191100000000
000000000191001110011100000000
000000000119101111011100000000
000000000111111311111100000000
000000000111111311111100000000
000000000111911111911100000000
000000000011199999111000000000
000000000001111111110000000000
000000000000011110000000000000
000000000000011110000000000000
000000022222555552222222222221
000000255555555555555522555551
000000255555555555555525555551
000000222022255255220000000000
000000255022272272220000000000
000000255022288882220000000000
000000255022272272220000000000
000000255088822228880000000000
000000255022222222220000000000
000000111011111111110000000000
000000000011110011110000000000
000000000011110011110000000000
000000000011110011110000000000
000000000066670076660000000000
000000006666660066666600000000
000000006666666666666600000000